1	1	41.07	2	1
1	1	51.19	2	1
1	1	48.33	1	1
1	8	45.16	1	1
1	9	52.78	1	1
1	7	57.89	3	1
1	13	48.89	3	1
1	6	48	3	1
1	7	38.46	3	1
1	8	40.63	3	1
2	370	27.72	2	1
4	8	58.46	2	1
4	17	37.5	2	1
4	1	49.23	2	1
4	1	50	2	1
4	8	53.08	3	1
4	7	40.74	1	1
4	411	10.9	1	1
5	10	35.8	1	1
5	9	56.06	1	1
5	12	40.21	1	1
5	12	40.63	1	1
5	8	44.44	3	1
5	7	49.77	3	1
5	8	45.31	3	1
5	460	39.74	3	1
5	9	56	3	1
5	10	43.08	3	1
5	8	37.01	3	1
5	8	51.47	3	1
5	8	56.41	1	2
5	551	49.18	1	2
5	447	40.19	1	2
5	6	41.54	1	2
5	8	50.79	1	2
5	11	49.15	1	2
5	10	37.28	2	2
5	8	43.4	2	2
5	11	40.43	2	2
5	10	56.45	2	2
5	7	57.83	2	2
5	92	64.86	2	2
5	10	50.82	2	2
5	28	39.33	2	2
5	8	56.79	2	2
5	9	50	2	2
5	54	50.77	2	2
5	8	69.09	2	2
5	12	43.48	2	2
5	7	44.83	2	2
5	8	50	2	2
5	72	45.61	2	1
5	133	55.56	2	1
5	9	38.88	2	1
5	9	43.57	2	1
5	9	44.78	2	1
5	8	54.93	2	1
5	9	56.06	2	1
5	8	37.7	2	1
5	8	49.25	2	1
5	9	45.31	2	1
5	9	50.77	2	2
5	10	51.43	2	2
5	9	47.89	2	2
5	9	45	2	2
5	9	49.32	2	2
5	9	45.59	2	2
5	8	40.28	2	2
5	8	45.9	2	2
5	8	38.89	2	2
5	1	48.61	2	2
5	9	40.63	2	2
5	8	40.63	2	2
5	8	0	2	2
5	1	64.62	2	2
6	61	39.63	2	2
6	48	49.25	2	2
6	15	46.89	2	2
6	89	20	2	2
6	22	25	2	2
6	9	34.16	2	2
6	3	50.79	2	2
6	8	22.08	2	2
6	12	50.42	2	2
6	38	0.66	2	2
6	0	53.7	2	2
6	8	52.63	2	2
6	11	54.29	2	2
6	7	50.55	2	2
6	6	33.33	2	2
6	6	0	2	2
6	7	47.46	2	2
6	8	48.31	2	2
6	33	54.9	2	2
6	35	51.02	2	2
6	8	51.06	2	2
6	66	45.9	2	2
6	25	50.98	2	2
6	43	47.22	2	2
6	13	42.86	2	2
6	17	8.63	2	2
6	8	32.75	2	2
6	1760	50	2	2
6	12	20	2	2
6	9	55	2	2
6	10	35.07	2	2
6	9	42.14	2	2
6	7	39.43	2	2
6	9	36.92	2	2
6	7	65.15	2	2
6	9	65.57	2	2
6	14366	48.35	2	2
6	8	52.63	2	2
6	7	51.79	2	2
6	18	57.35	2	2
6	9	54.1	2	2
6	8	50	2	2
6	10	66.67	2	2
6	50	51.35	2	2
6	8	55.36	2	2
6	7	54.23	2	2
6	77	48.61	2	1
6	9	52.38	2	1
6	1832	19.84	2	1
7	18	5.72	2	1
7	11	44.58	2	1
7	14	53.33	2	1
7	6	55	2	1
7	8	34.09	2	1
7	21	44.34	2	1
7	48374	63.93	2	1
7	50236	33.33	2	1
7	51102	32.26	2	1
7	54308	53.33	2	1
7	7	46.51	2	1
7	6	49.18	2	1
7	8	55.62	2	1
7	8	0.17	2	1
7	7	0.19	2	1
7	8	0.16	2	1
7	8	0.19	2	1
7	10725	42.86	2	1
7	108	50	2	1
7	8	44	2	1
7	11	57.45	2	1
7	130	42.31	2	1
7	31071	52.63	2	1
7	7	34.92	2	1
7	7	0.67	2	1
7	7	23.11	2	1
7	9	37.1	2	1
7	7	42.17	2	1
7	7	35.91	2	1
7	7	1.91	2	1
7	156	43.64	2	1
7	10	7.7	2	1
7	9	50.98	2	1
7	7	55.22	2	1
7	7	59.65	2	1
7	7	50	2	1
7	12	47.37	2	1
7	8	53.09	2	1
7	10	37.68	2	1
7	9	55.36	2	1
7	11	47.62	2	1
7	8	50.65	2	1
7	2	48.53	2	1
7	319	8.17	2	1
7	1	43.1	2	1
7	7	88.89	2	1
7	8	0.16	2	1
7	3	55.92	2	1
8	19	43.4	2	1
8	10	49.21	2	1
8	161594	45.83	2	1
8	166903	46.97	2	1
8	167667	36.07	2	1
8	165451	40.3	2	1
8	73	47.37	2	1
8	8	0.21	2	1
8	31	50	2	1
8	6	32.21	2	1
8	9	50.67	2	1
8	8	0.15	2	1
8	9	0.14	2	1
8	1	10.5	2	1
8	0	49.18	2	1
8	404675	100	2	1
8	404260	0.09	2	1
8	328724	0.1	2	1
8	335929	0.11	2	1
9	1	66.67	2	1
9	1	50	2	1
9	1	0.1	2	1
9	1	33.33	2	1
9	52638	22.22	2	1
9	1	0.12	2	1
9	1	66.67	2	1
9	2	50	2	1
10	1	30	2	1
10	14	47.37	2	1
10	200475	8.02	2	1
10	168625	48.48	2	1
10	160250	53.33	2	1
10	8	0.09	2	1
10	7	41.67	2	1
10	7	0.09	2	1
10	22	50.85	2	1
10	6	0.09	2	1
10	7	50.77	2	1
10	7	40.35	2	1
10	7	44.23	2	1
10	383	43.64	2	1
10	10019	0.1	2	1
10	27	53.06	2	1
10	3	52.73	2	1
10	253	52	2	1
10	15	38.98	2	1
10	8	15.49	2	1
10	15	51.85	2	1
10	9	17.07	2	1
10	295	49.23	2	1
10	8	3.08	2	1
10	7	45.75	2	1
10	8	38.6	2	1
10	7	52	2	1
10	7	38.71	2	1
10	7	53.33	2	1
10	125	87.5	2	1
10	157463	43.96	2	1
10	192513	16.18	2	1
10	197500	17.91	2	1
10	201013	51.52	2	1
10	8	48.08	2	1
10	12	61.54	2	1
11	51	42.86	2	1
11	47	0.08	2	1
11	112	20.66	2	1
11	17	0.08	2	1
11	1	32.17	2	1
11	4	0.09	2	1
11	255650	2.01	2	1
11	298300	50	2	1
11	2	32.5	2	1
11	0	7.8	2	1
11	1	0.08	2	1
11	16	0.09	2	1
11	26	0.09	2	1
11	9	38.46	2	1
11	9	0	2	1
11	10	100	2	1
11	10	41.8	2	1
11	1750	46.34	2	1
11	1863	0.09	2	1
11	8	55.5	2	1
11	8	42.25	2	1
11	9	50	2	1
11	3	46.55	2	1
11	3	55.22	2	1
11	1	53.13	2	1
11	1	45	2	1
11	10	57.14	2	1
11	337253	53.6	2	1
11	360028	53.16	2	1
11	11	59.21	1	1
11	283556	34.58	1	1
11	16	50	1	1
11	20	0.12	1	1
11	19	0	1	1
11	1788	58.23	1	1
12	1	63.08	1	1
12	131	75	1	1
12	139	51.47	1	1
12	2874	48.57	1	1
12	19	56.22	1	1
12	8	20.44	1	1
12	64963	42.86	1	1
12	63500	51.39	1	1
12	9	28.56	1	1
12	8	14.6	1	1
12	10	51.37	1	1
12	9	53.23	1	1
12	9	0.13	1	1
12	9	0.12	1	1
12	9	51.52	1	1
12	11	56.92	1	1
12	8	58.44	1	1
12	9	50	1	1
12	1	2.98	1	1
12	9	62.69	1	1
12	9	65.15	1	1
12	9	51.47	1	1
12	9	53.01	1	1
12	10	58.06	1	1
12	9	47.14	1	1
12	9	66.67	1	1
12	9	63.64	1	1
12	9	52.17	1	1
12	9	53.62	1	1
12	38	43.42	1	1
12	8	51.95	1	1
12	9	53.62	1	1
12	1	0	1	1
12	1	31.71	1	1
12	941	49.09	1	1
12	2705	49.32	1	1
12	27	51.47	1	1
12	3373	41.67	1	1
12	7	66.67	1	1
12	359763	32.19	1	1
12	228438	0.1	1	1
12	9	75.76	1	1
12	16	42.35	1	1
12	16	48.53	1	1
12	600	27.64	1	1
12	365	0.08	1	1
12	32275	59.21	1	1
12	9	0.09	1	1
12	1059	10.42	1	1
12	70	51.72	1	1
12	8	37.44	1	1
12	14	59.7	1	1
12	343	0.77	1	1
12	10	1.32	1	1
12	14	35.46	1	1
12	273	49.09	1	1
12	70	44.3	1	1
12	19	47.17	1	1
12	168938	70.37	1	1
12	170975	52.73	1	1
12	7	69.58	1	1
12	4	0.11	1	1
13	8	55	1	1
13	6	51.06	1	1
13	15150	0.08	1	1
13	17700	0.14	1	1
13	16113	0.08	1	1
13	16175	0.08	1	1
13	7	60.71	1	1
13	3208	0.57	1	1
13	12	56.76	1	1
13	9	47.37	1	1
13	10	51.47	1	1
13	8	46.77	1	1
13	9	54.93	1	1
13	8	43.08	1	1
13	9	59.7	1	1
13	9	48.53	1	1
13	9	55.07	1	1
13	9	57.14	1	1
13	9	52.11	1	1
13	9	48.61	1	1
13	10	50.67	1	1
13	10	54.41	1	1
13	10	60.53	1	1
13	9	53.95	1	1
13	9	51.52	1	1
13	9	63.89	1	1
13	9	61.33	1	1
13	10	56.52	1	1
13	8	57.63	1	1
13	9	56.52	1	1
13	8	53.62	1	1
13	9	59.38	1	1
13	9	58.97	1	1
13	10	50.75	1	1
13	10	69.74	1	1
13	9	62.86	1	1
13	9	54.93	1	1
13	9	55.88	1	1
13	8	58.21	1	1
13	9	58.06	1	1
13	9	45.59	1	1
13	9	65.28	1	1
13	9	59.09	1	1
13	8	59.42	1	1
13	9	34.38	1	1
13	9	54.29	1	1
13	9	56.16	1	1
13	9	50	1	1
13	9	47.95	1	1
13	10	48.53	1	1
13	9	51.35	1	1
13	10	51.35	1	1
13	10	56	1	1
13	10	50	1	1
13	9	49.3	1	1
13	9	65.22	1	1
13	10	54.05	1	1
13	10	44.59	1	1
13	10	49.35	1	1
13	9	47.76	1	1
13	9	59.42	1	1
13	10	50.75	1	1
13	9	54.67	1	1
13	10	48.68	1	1
13	8	52.31	1	1
13	9	50.62	1	1
13	10	55.07	1	1
13	9	53.73	1	1
13	9	53.42	1	1
13	8	54.24	1	1
13	9	60	1	1
13	10	55.07	1	1
13	9	51.25	1	1
13	10	49.3	1	1
13	9	62.32	1	1
13	9	45.21	1	1
13	9	54.17	1	1
13	9	57.75	1	1
13	9	50.72	1	1
13	10	48.1	1	1
13	9	73.97	1	1
13	9	44.12	1	1
13	10	53.13	1	1
13	8	56.41	1	1
13	9	51.39	1	1
13	10	57.89	1	1
13	9	49.21	1	1
13	8	51.47	1	1
13	9	57.14	1	1
13	10	50	1	1
13	9	52.24	1	1
13	10	60.26	1	1
13	10	58.11	1	1
13	10	52.7	1	1
13	8	51.9	1	1
13	10	60.32	1	1
13	9	51.95	1	1
13	10	60.87	1	1
13	8	63.33	1	1
13	8	46.15	1	1
13	9	51.47	1	1
13	9	58.9	1	1
13	8	54.79	1	1
13	9	59.38	1	1
13	9	45.71	1	1
13	9	58.57	1	1
13	10	50.62	1	1
13	10	52	1	1
13	9	59.09	1	1
13	8	60	1	1
13	9	55.38	1	1
13	9	41.67	1	1
13	9	51.43	1	1
13	9	50	1	1
13	9	54.17	1	1
13	10	52.05	1	1
13	9	53.25	1	1
13	9	40.28	1	1
13	9	59.7	1	1
13	9	59.15	1	1
13	9	70.15	1	1
13	9	56.96	1	1
13	10	60.61	1	1
13	10	54.67	1	1
13	8	57.14	1	1
13	9	50.77	1	1
13	9	57.14	1	1
13	9	54.93	1	1
13	9	53.52	1	1
13	9	47.22	1	1
13	9	57.14	1	1
13	9	45.45	1	1
13	9	60.27	1	1
13	8	53.52	1	1
13	9	55.74	1	1
13	9	58.33	1	1
13	9	52.78	1	1
13	10	53.52	1	1
13	9	44.16	1	1
13	10	54.17	1	1
13	9	66.22	1	1
13	9	66.67	1	1
13	8	66.67	1	1
13	9	67.69	1	1
13	8	64.38	1	1
13	9	55.88	1	1
13	9	65.75	1	1
13	9	63.77	1	1
13	9	40	1	1
13	9	63.51	1	1
13	10	56.72	1	1
13	9	52.17	1	1
13	9	54.55	1	1
13	11	59.15	1	1
13	9	58.73	1	1
13	10	52.33	1	1
13	8	59.46	1	1
13	9	53.52	1	1
13	9	61.11	1	1
13	9	48.61	1	1
13	9	49.3	1	1
13	9	38.57	1	1
13	9	40.32	1	1
13	8	46.97	1	1
13	10	48	1	1
13	9	58.57	1	1
13	9	50	1	1
13	9	61.76	1	1
13	9	53.33	1	1
13	10	41.67	1	1
13	9	55.71	1	1
13	9	61.11	1	1
13	10	50.68	1	1
13	10	53.25	1	1
13	9	60.53	1	1
13	9	50	1	1
13	9	54.17	1	1
13	9	46.27	1	1
13	9	48.24	1	1
13	11	45.59	1	1
13	9	66.67	1	1
13	9	62.16	1	1
13	10	46.48	1	1
13	9	63.38	1	1
13	9	59.46	1	1
13	10	46.38	1	1
13	10	60.56	1	1
13	9	50.65	1	1
13	9	67.61	1	1
13	9	55.88	1	1
13	9	57.14	1	1
13	10	65.22	1	1
13	9	64.79	1	1
13	9	56.52	1	1
13	9	52.17	1	1
13	10	45.21	1	1
13	9	63.75	1	1
13	10	56.76	1	1
13	8	50.65	1	1
13	10	57.53	1	1
13	9	49.23	1	1
13	9	37.68	1	1
13	9	68.66	1	1
13	9	48.61	1	1
13	9	54.29	1	1
13	9	60.29	1	1
13	10	60	1	1
13	9	54.55	1	1
13	9	49.25	1	1
13	9	52.7	1	1
13	9	57.89	1	1
13	9	59.15	1	1
13	10	47.89	1	1
13	9	52.24	1	1
13	10	59.46	1	1
13	10	68.42	1	1
13	9	60.29	1	1
13	9	56.52	1	1
13	10	45.33	1	1
13	9	59.15	1	1
13	9	53.73	1	1
13	8	60.27	1	1
13	10	58.97	1	1
13	9	73.02	1	1
13	9	52.78	1	1
13	9	58.33	1	1
13	9	54.93	1	1
13	10	53.52	1	1
13	9	56.58	1	1
13	9	59.42	1	1
13	10	50.67	1	1
13	9	57.89	1	1
13	9	54.55	1	1
13	10	48.57	1	1
13	9	57.14	1	1
13	9	54.69	2	1
13	8	61.97	2	1
13	10	53.62	2	1
13	9	56.94	2	1
13	9	50.65	2	1
13	9	62.12	2	1
13	9	45.59	2	1
13	9	50.65	2	1
13	8	63.08	2	1
13	10	54.79	2	1
13	9	59.42	2	1
13	8	63.38	2	1
13	9	48.44	2	1
13	9	60	2	1
13	10	58.67	2	1
13	8	50	2	1
13	8	63.16	2	1
13	9	59.42	2	1
13	10	58.46	2	1
13	9	57.14	2	1
13	10	56	2	1
13	9	57.53	2	1
13	9	44.44	2	1
13	9	52.94	2	1
13	9	57.75	2	1
13	9	56.06	2	1
13	9	45.83	2	1
13	9	53.42	2	1
13	9	60.61	2	1
13	9	55.22	2	1
13	9	50	2	1
13	9	45.83	2	1
13	9	45.07	2	1
13	9	52.78	2	1
13	9	56.52	2	1
13	9	63.49	2	1
13	8	50	2	1
13	12	51.69	2	1
13	12	52.69	2	1
13	11	57.61	2	1
13	10	55.56	2	1
13	17	35.28	2	1
13	618	52.21	2	1
13	11	45.33	2	1
13	10	50.6	2	1
13	0	0.25	2	1
13	11	0	2	1
13	2706	43.68	2	1
13	2	0.07	2	1
13	8	76.38	2	1
13	12	64.29	2	1
13	9	61.54	2	1
13	25476	61.7	2	1
13	359963	46.14	2	1
13	9	37.88	2	1
13	10	44.52	2	1
13	108433	41.89	2	2
13	9	3.05	2	2
13	9	58.21	2	2
13	10	0.16	2	2
13	10	43.59	2	2
13	10	40.28	2	2
13	11	48.61	2	2
13	56	48.75	2	2
13	7	54.32	2	2
13	1732	48.86	2	2
13	33674	34.55	2	2
13	55	53.23	2	2
13	205	3.24	2	1
13	41512	0.3	2	1
13	293138	0.11	2	1
13	1	18.8	2	1
13	1829	66.67	2	1
13	11	3.47	2	1
13	9	43.68	2	1
13	8	50.72	2	1
13	10	51.67	2	1
13	7	50	2	1
13	12	44.23	2	1
13	8	37.63	2	1
13	197688	0.13	2	1
13	10	51.28	2	1
13	1025	50	2	1
14	11	1.22	2	1
14	2	0.48	2	1
14	3	0.84	2	1
14	26	45.88	2	1
14	8	53.85	2	1
14	8	55.56	2	1
14	2	2.91	2	1
14	14566	44.26	2	1
14	31622	45.76	2	1
15	50	46.25	2	1
15	1	66.67	2	1
16	1	100	2	1
17	8	55.74	2	1
17	8	46.77	2	1
17	14	47.78	2	1
17	12	35.14	2	1
17	11	50.57	2	1
17	9	56.34	3	1
17	11	56.32	3	1
17	18	43.06	3	1
17	6452	0.03	3	1
17	8	40.63	3	1
17	10613	0.12	3	1
17	18288	42.19	3	1
17	9	0.21	3	1
17	14	37.98	3	1
17	10	54.79	3	1
17	8	42.2	3	1
17	115	55.38	3	1
17	17	43.75	3	1
17	14	30.05	3	1
17	8	40.74	2	1
17	10	46.36	2	1
17	24837	0.49	2	1
17	7	47.44	2	1
17	39600	49.12	2	1
17	16	0.19	2	1
18	164057	48.57	2	1
18	45100	0.17	2	1
18	50938	0.24	2	1
18	16516	0.19	2	1
18	14	0.28	2	1
18	11	39.09	2	1
18	13	45.24	2	1
18	2719	41.82	1	1
18	13	18.15	1	1
18	7	42.67	1	1
18	9	52.43	1	1
18	7	42.11	1	1
18	10	47.95	1	1
18	21	53.57	1	1
19	65168	58.57	1	1
19	83	39.62	1	1
19	15359	36.96	1	1
19	9	0.6	1	1
19	15	39.61	1	1
19	10	0.3	1	1
19	45	47.78	1	1
19	12	9.64	1	1
19	138	25.77	1	1
19	8	40.3	1	1
19	9	48.7	1	1
19	8	37.97	1	1
19	6028	50.88	1	1
19	7	48.35	2	1
19	8	16.29	2	1
19	9	40.63	2	1
19	337	55	2	1
19	9	3.08	2	1
19	24	57.38	2	1
19	51	48	2	1
19	2	52.05	2	1
19	12	17.59	2	1
19	18	37.16	2	1
19	12	49.32	2	1
19	1	43.46	2	1
19	20	38.27	2	1
19	53	58.33	2	1
19	5837	45.91	1	1
19	24	36.55	1	1
19	19	80	1	1
19	10	3.38	1	1
19	179	19.71	1	1
19	396	48.7	1	2
19	135	21.81	1	2
20	48900	47.37	1	2
20	543	0.26	1	2
